8 0.585857 0.296170 0.743738 0.256740 0.221028 0.30292 0.312243 0.26014 0.512181 0.26238 0.670062 0.2669 0.736729 0.21284 0.852492 0.1678 0.905109 0.20834 0.957726 0.29618 0.947196 0.34122 0.901589 0.32546 0.863022 0.30744 0.827944 0.3705 0.796355 0.40428 0.754268 0.41328 0.701651 0.41328 0.652523 0.38176 0.596386 0.36374 0.519221 0.37726 0.540249 0.41104 0.473614 0.42454 0.357819 0.41104 0.259595 0.40654 0.213988 0.34798
8 0.288956 0.426180 0.501526 0.360160 0.108318 0.48758 0.110467 0.44528 0.114704 0.40844 0.112586 0.3948 0.080717 0.39344 0.044579 0.39754 0.038193 0.38116 0.038193 0.34024 0.040343 0.31022 0.061589 0.28976 0.09134 0.26656 0.125327 0.24882 0.163583 0.2461 0.180592 0.27066 0.203956 0.3034 0.227321 0.33614 0.252835 0.36752 0.280467 0.39208 0.314455 0.40982 0.350592 0.42072 0.39947 0.42072 0.437695 0.42072 0.484455 0.42072 0.516324 0.43436 0.524829 0.46438 0.53757 0.50258 0.53972 0.52986 0.53757 0.53806 0.514206 0.52442 0.49296 0.52168 0.463209 0.53532 0.43134 0.55852 0.39947 0.57626 0.378193 0.59672 0.365452 0.60354 0.356947 0.60626 0.342087 0.5899 0.32296 0.5708 0.288972 0.56262 0.265576 0.55852 0.252835 0.55578 0.24433 0.54624 0.240093 0.5326 0.231589 0.52442 0.225202 0.5135 0.201838 0.5135 0.184829 0.51758 0.155078 0.5135 0.142336 0.51076
8 0.722928 0.777170 0.523863 0.159180 0.579751 0.69758 0.722928 0.70878 0.831215 0.71776 0.970903 0.70206 0.98486 0.8478 0.831215 0.82762 0.684517 0.82314 0.614673 0.85676 0.523863 0.82762 0.460997 0.82314 0.464486 0.75586 0.488941 0.72672 0.49243 0.72448 0.53433 0.74914 0.576262 0.7626 0.58324 0.74466 0.586729 0.71326
8 0.717555 0.466290 0.378037 0.195500 0.882087 0.56404 0.696573 0.52808 0.602056 0.53034 0.57405 0.53708 0.546044 0.53932 0.535545 0.48988 0.528536 0.42472 0.528536 0.38202 0.553053 0.37528 0.588037 0.36854 0.654548 0.38426 0.71405 0.41124 0.784081 0.41798 0.878567 0.40674 0.889065 0.49214 0.906573 0.55956
8 0.391153 0.186100 0.698505 0.246640 0.097788 0.06278 0.317819 0.15696 0.422586 0.16368 0.54134 0.14798 0.649595 0.14798 0.705483 0.17488 0.740405 0.20628 0.722928 0.2444 0.548318 0.27802 0.443551 0.26458 0.293364 0.25784 0.233988 0.29148 0.220031 0.30942 0.160654 0.24664 0.097788 0.18386 0.04891 0.18386 0.0419 0.1009 0.055888 0.07624 0.083832 0.06726
8 0.637866 0.111320 0.671558 0.195280 0.732679 0.01982 0.971246 0.02288 0.973645 0.10022 0.945016 0.09716 0.929502 0.09486 0.916386 0.08874 0.902087 0.0895 0.885389 0.09562 0.860312 0.10482 0.854361 0.114 0.850779 0.12242 0.840062 0.13162 0.830498 0.13622 0.818567 0.14464 0.814984 0.14924 0.810218 0.1546 0.798287 0.16762 0.789938 0.17986 0.788754 0.19288 0.744611 0.20896 0.757757 0.19672 0.733894 0.17604 0.708847 0.16914 0.727913 0.15536 0.743427 0.12932 0.701682 0.11478 0.674237 0.10788 0.638474 0.10176 0.575234 0.0941 0.512025 0.0964 0.445234 0.11094 0.413022 0.11936 0.353364 0.12856 0.355763 0.15076 0.335483 0.15154 0.327134 0.14616 0.302087 0.03436 0.336667 0.0244 0.38676 0.01752 0.438069 0.01368 0.47028 0.02976 0.52514 0.0359 0.543022 0.03972 0.588349 0.04892 0.633676 0.05428 0.667103 0.05274 0.711215 0.0336
8 0.365779 0.901130 0.542523 0.170780 0.616044 0.98202 0.133022 0.98652 0.115514 0.96854 0.094517 0.8472 0.273022 0.85168 0.476044 0.81574 0.605545 0.8472 0.63704 0.88314 0.630062 0.96854
8 0.145919 0.810010 0.236698 0.321940 0.221121 0.69796 0.244206 0.71858 0.243209 0.73274 0.238193 0.7572 0.244206 0.76364 0.264268 0.79648 0.262243 0.81322 0.243209 0.82546 0.219128 0.83254 0.20109 0.82996 0.195047 0.82224 0.177009 0.81258 0.157944 0.80486 0.120841 0.81966 0.104798 0.8377 0.098785 0.85508 0.100779 0.89178 0.100779 0.97034 0.035576 0.97098 0.02757 0.7849 0.071682 0.72952 0.085732 0.69282 0.098785 0.67414 0.128879 0.65804 0.159969 0.65032 0.197072 0.64904 0.21109 0.65934 0.226137 0.678 0.22215 0.69474 0.217134 0.69926
8 0.789969 0.642600 0.384548 0.124320 0.679533 0.61546 0.780436 0.5892 0.870436 0.58044 0.944081 0.58044 0.982243 0.59796 0.963178 0.70476 0.875888 0.70476 0.750436 0.703 0.704081 0.68024 0.64134 0.65748 0.61134 0.65748 0.597695 0.62246 0.630436 0.6102 0.704081 0.5997
8 0.791059 0.897760 0.329034 0.164040 0.64405 0.84944 0.626542 0.86742 0.633551 0.97528 0.952087 0.97978 0.955576 0.84944 0.770062 0.81574 0.654548 0.83596
