4 0.644352 0.579562 0.182266 0.505375 0.575812 0.483875 0.574188 0.434417 0.588703 0.391396 0.608063 0.350542 0.635484 0.337625 0.65 0.326875 0.679031 0.350542 0.698391 0.376354 0.712906 0.417208 0.724187 0.447313 0.727422 0.479563 0.714516 0.479563 0.708063 0.466667 0.653219 0.470958 0.654844 0.481729 0.562906 0.559146 0.562906 0.597854 0.562906 0.623646 0.566125 0.651604 0.553219 0.675271 0.569359 0.681729 0.588703 0.694625 0.561297 0.711833 0.566125 0.752688 0.580641 0.776354 0.580641 0.815063 0.580641 0.819354 0.587094 0.819354 0.595156 0.776354 0.616125 0.78925 0.620969 0.817208 0.629031 0.83225 0.65 0.83225 0.662906 0.806458 0.662906 0.763437 0.672578 0.724729 0.682266 0.681729 0.735484 0.681729 0.711297 0.664521 0.675812 0.651604 0.651609 0.638708 0.656453 0.559146
4 0.654992 0.218615 0.442266 0.289229 0.60875 0.349771 0.578469 0.349771 0.539797 0.336313 0.531391 0.318396 0.529703 0.289229 0.494391 0.280271 0.472531 0.307167 0.447312 0.316146 0.433859 0.316146 0.443953 0.289229 0.470859 0.253354 0.470859 0.186104 0.484312 0.134521 0.506172 0.125562 0.538109 0.114354 0.565016 0.112104 0.595297 0.112104 0.618828 0.130042 0.642375 0.152458 0.664234 0.163687 0.697875 0.183854 0.719734 0.186104 0.736547 0.183854 0.753359 0.165917 0.771859 0.130042 0.802125 0.078479 0.810531 0.074 0.837438 0.087438 0.857625 0.121083 0.866031 0.170396 0.876125 0.237667 0.874437 0.246646 0.874437 0.273542 0.834078 0.264583 0.807172 0.237667 0.798766 0.269063 0.785313 0.295958 0.761766 0.318396 0.7315 0.318396 0.706281 0.338562 0.686094 0.363229 0.657516 0.343042 0.612109 0.347542
4 0.931594 0.549531 0.136813 0.396562 0.880609 0.465875 0.863188 0.405479 0.867828 0.374479 0.888734 0.35125 0.936375 0.355896 0.990984 0.380687 1.0 0.467438 1.0 0.467438 0.900359 0.561917 0.886422 0.6115 0.929406 0.679646 0.967734 0.724562 0.995625 0.747812 0.999109 0.569667
4 0.494664 0.602240 0.180328 0.584271 0.4045 0.480896 0.406187 0.440458 0.426406 0.382021 0.456734 0.323604 0.498875 0.310104 0.532578 0.346063 0.557859 0.413479 0.576406 0.456188 0.571344 0.478646 0.503937 0.474167 0.448313 0.480896 0.441578 0.503375 0.417984 0.501125 0.416297 0.494375 0.456734 0.777521 0.448313 0.766292 0.423031 0.750562 0.409547 0.730333 0.411234 0.703375 0.424719 0.680896 0.424719 0.611229 0.412922 0.566292 0.482016 0.555063 0.527531 0.660667 0.564609 0.676396 0.584828 0.710104 0.556187 0.737083 0.541016 0.79325 0.535953 0.842688 0.525844 0.887646 0.515734 0.894375 0.515734 0.851688 0.515734 0.80675 0.517422 0.737083 0.520781 0.687646
4 0.778195 0.571146 0.195328 0.478333 0.711625 0.561583 0.838391 0.560521 0.812875 0.637042 0.812875 0.646604 0.839188 0.654062 0.875859 0.67 0.84875 0.683813 0.815266 0.688062 0.796141 0.744417 0.789766 0.768854 0.788969 0.799687 0.756281 0.810312 0.745906 0.798625 0.745906 0.778417 0.725984 0.760354 0.714016 0.747604 0.701266 0.710396 0.702859 0.687 0.731563 0.68275 0.733953 0.68275 0.710828 0.662562 0.710031 0.65725 0.694094 0.644479 0.680531 0.627479 0.687719 0.620042 0.715625 0.625354 0.710031 0.610479 0.728375 0.476542 0.724391 0.447833 0.712422 0.417 0.717219 0.3915 0.735547 0.358542 0.771422 0.336229 0.804906 0.331979 0.837594 0.346854 0.849547 0.369167 0.857531 0.389375 0.864703 0.422333 0.872672 0.449958 0.875859 0.461646 0.857531 0.461646 0.858328 0.473354
4 0.058117 0.834177 0.116234 0.229896 0.024703 0.727479 0.066859 0.722708 0.087656 0.721542 0.100641 0.719229 0.1145 0.722708 0.116234 0.738875 0.111906 0.75275 0.100641 0.770062 0.085047 0.78625 0.080719 0.789708 0.088516 0.812812 0.09025 0.835917 0.09025 0.85325 0.09025 0.869417 0.063391 0.913312 0.051266 0.93525 0.004469 0.949125 0.0 0.941042 0.000141 0.771229
4 0.089328 0.282031 0.175281 0.348312 0.001688 0.125833 0.032016 0.130333 0.060672 0.116854 0.111234 0.107875 0.091016 0.134833 0.124719 0.2045 0.107859 0.226958 0.128094 0.285396 0.176969 0.357312 0.165172 0.368542 0.109547 0.312354 0.085953 0.330333 0.050562 0.319104 0.003375 0.325833 0.005063 0.384271 0.040453 0.426958 0.0455 0.456188 0.003375 0.435958
4 0.282469 0.598052 0.264937 0.519479 0.251297 0.574667 0.262984 0.644813 0.255188 0.662979 0.233766 0.691562 0.204547 0.694146 0.15 0.727917 0.198703 0.735708 0.214281 0.746104 0.251297 0.824021 0.278578 0.857792 0.301953 0.837021 0.305844 0.824021 0.338969 0.824021 0.364281 0.787667 0.383766 0.761688 0.385719 0.759083 0.321422 0.564292 0.261031 0.499354 0.278578 0.437021 0.284422 0.39025 0.311688 0.3435 0.325328 0.338312 0.397406 0.408438 0.405187 0.447396 0.407141 0.501958 0.340906 0.486354 0.288313 0.499354 0.377922 0.569479 0.414938 0.569479 0.405187 0.642208 0.401297 0.642208
4 0.092836 0.524188 0.185672 0.389708 0.020703 0.580583 0.0 0.587417 0.0 0.662625 0.008766 0.676312 0.043375 0.710479 0.058766 0.719042 0.070297 0.719042 0.094656 0.700229 0.089531 0.684854 0.094656 0.681437 0.074141 0.66775 0.090812 0.643833 0.104906 0.648958 0.067734 0.587417 0.070297 0.587417 0.089531 0.597687 0.084391 0.577167 0.056188 0.572042 0.020297 0.505375 0.043375 0.478042 0.043375 0.454104 0.044656 0.382312 0.08825 0.329333 0.129266 0.337875 0.17925 0.387458 0.185672 0.407958 0.167719 0.483167 0.162594 0.50025 0.058766 0.505375
4 0.904437 0.840354 0.191125 0.318875 0.998141 0.753021 0.933062 0.707625 0.905016 0.691604 0.862953 0.680917 0.833922 0.691604 0.816891 0.711625 0.812891 0.730313 0.819891 0.733 0.808875 0.766375 0.813891 0.813104 0.818906 0.822 0.821266 0.851062 0.833109 0.883271 0.842109 0.891479 0.874328 0.90475 0.924531 0.977688 0.945859 0.999792 1.0 0.999167 0.998172 0.756979
4 0.227922 0.412990 0.128562 0.181812 0.292203 0.368833 0.255188 0.501292 0.163641 0.503896 0.183109 0.381812 0.225969 0.324667 0.268828 0.322083
4 0.484375 0.168750 0.968750 0.337500
