4 0.454031 0.645167 0.250000 0.344083 0.374188 0.787104 0.348391 0.744083 0.335484 0.686021 0.329031 0.617208 0.345156 0.561292 0.364516 0.511833 0.414516 0.479563 0.480641 0.473125 0.540328 0.513979 0.574188 0.608604 0.577422 0.63225 0.579031 0.698917 0.561297 0.739792 0.533875 0.772042 0.509672 0.791396 0.495156 0.804292 0.482266 0.817208 0.472578 0.802146 0.472578 0.793542 0.467734 0.772042 0.440328 0.718271 0.430641 0.737625 0.432266 0.756979 0.432266 0.772042 0.403219 0.784937 0.382266 0.774188 0.369359 0.769896
4 0.686289 0.632500 0.217734 0.253750 0.591938 0.718521 0.577422 0.654 0.612906 0.548625 0.640328 0.512062 0.711297 0.505625 0.780641 0.546479 0.795156 0.658312 0.785484 0.755083 0.735484 0.759375 0.693547 0.720667 0.632266 0.724979 0.6 0.727125
4 0.217742 0.693698 0.216141 0.458062 0.179031 0.464667 0.195156 0.484021 0.229031 0.479708 0.241937 0.479708 0.261297 0.464667 0.272578 0.486167 0.285484 0.509813 0.304844 0.578646 0.325813 0.65175 0.308063 0.724875 0.261297 0.789396 0.248391 0.813042 0.243547 0.841 0.232266 0.845313 0.232266 0.832396 0.203219 0.83025 0.188703 0.909812 0.172578 0.922729 0.169359 0.810896 0.137094 0.765729 0.116125 0.694771 0.109672 0.632396 0.117734 0.567875 0.146781 0.518417 0.169359 0.499063 0.180641 0.490458 0.174187 0.466812
4 0.354797 0.592677 0.140625 0.394396 0.284484 0.488146 0.292563 0.447208 0.324891 0.421333 0.339438 0.395479 0.357219 0.404104 0.417031 0.436417 0.425109 0.475208 0.391156 0.494604 0.358844 0.526938 0.336203 0.589438 0.336203 0.651938 0.336203 0.695042 0.331359 0.731687 0.316812 0.789875 0.295797 0.789875 0.297406 0.733833 0.328125 0.65625 0.3055 0.578667 0.289328 0.516167 0.287719 0.475208
4 0.614805 0.855365 0.241422 0.261813 0.587453 0.954083 0.622859 0.86825 0.664703 0.818875 0.735516 0.771667 0.706547 0.733042 0.6985 0.724458 0.62125 0.72875 0.587453 0.733042 0.521453 0.793125 0.508578 0.827458 0.548813 0.836042 0.494094 0.859667 0.502141 0.902583 0.563312 0.986271
4 0.950648 0.810187 0.098703 0.357917 0.990781 0.986979 0.943594 0.963125 0.912687 0.900208 0.907813 0.837313 0.930578 0.767896 0.946859 0.735354 0.946859 0.698479 0.945234 0.683292 0.919203 0.665937 0.901297 0.642083 0.912687 0.639917 0.932219 0.642083 0.963125 0.655104 0.972891 0.633396 0.995656 0.633396 1.0 0.631229 1.0 0.989146
4 0.766937 0.872042 0.375812 0.255917 0.625812 0.860208 0.691937 0.793542 0.741937 0.754833 0.817734 0.744083 0.854844 0.782792 0.909672 0.853771 0.954844 0.972042 0.951609 0.993542 0.803219 1.0 0.659672 0.995708 0.579031 0.993542 0.590328 0.946229
4 0.066469 0.614698 0.129438 0.340146 0.01925 0.689375 0.015578 0.769708 0.020594 0.783104 0.00175 0.776396 0.004266 0.763 0.011797 0.699333 0.004266 0.664125 0.003 0.486521 0.024375 0.454688 0.054531 0.444625 0.074641 0.449646 0.083437 0.456354 0.111078 0.489875 0.117359 0.493229 0.118625 0.494896 0.119875 0.513333 0.122391 0.521708 0.123656 0.540146 0.116109 0.553542 0.116109 0.571979 0.114859 0.583708 0.111078 0.610521 0.111078 0.654083 0.121141 0.727813 0.131187 0.764667 0.127422 0.764667 0.111078 0.776396 0.104797 0.768021 0.101031 0.699333 0.101031 0.657438 0.087203 0.659104 0.075891 0.694292 0.065844 0.749583 0.062078 0.784771 0.040703 0.776396 0.040703 0.747917 0.039453 0.685917 0.034422 0.665812 0.023109 0.670833
4 0.803422 0.642563 0.135688 0.292167 0.744578 0.536 0.735578 0.524 0.735797 0.517563 0.735797 0.506729 0.737328 0.500875 0.745234 0.497958 0.760609 0.498542 0.773562 0.498542 0.785406 0.507021 0.787828 0.508188 0.793313 0.496479 0.797047 0.496479 0.803641 0.5 0.804078 0.505271 0.808906 0.509083 0.806484 0.517271 0.805391 0.521667 0.821203 0.540979 0.846234 0.593375 0.862031 0.639646 0.863578 0.677979 0.867531 0.692333 0.871266 0.699063 0.86775 0.712812 0.863359 0.722187 0.855234 0.725708 0.857422 0.755854 0.85875 0.788646 0.8515 0.787771 0.834812 0.779271 0.80825 0.759667 0.785453 0.755208 0.785453 0.742333 0.784781 0.729917 0.787109 0.704167 0.790109 0.689542 0.789109 0.679771 0.792438 0.645167 0.786781 0.621208 0.784453 0.574604 0.759828 0.557312
4 0.335141 0.880083 0.460750 0.198750 0.113234 0.977187 0.179297 0.909437 0.218266 0.85525 0.282641 0.814562 0.335141 0.782958 0.394437 0.780708 0.440188 0.785229 0.497766 0.823604 0.536734 0.834917 0.492688 0.86425 0.496078 0.898146 0.565516 0.979458 0.104766 0.979458
